 -9.5381  0.9099 -2.7219  3.7201  -5.6052  1.8398   4.4693   3.0354  5.4389   7.4099    6.7401   3.3744    3.9097
    
     S       S1      X       Y      Z        X1      Y1      Z1      S*   
   E(s,a)  E(p,a)  E(s,c) E(p,c)  V(s,s)   V(x,x)  V(x,y)  V(sa,pc) V(sc,pa)  E(s*,a)  E(s*,c)  V(s*a,pc) V(pa,s*c)  ltcst
C
 -4.5450  3.8400 -4.5450  3.8400 -22.7250  3.8400  11.6700  15.2206 15.2206   11.3700  11.3700   8.2109    8.2109    3.56683
Si
 -4.2000  1.7150 -4.2000  1.7150 -8.3000   1.7150   4.5750   5.7292  5.7292   6.6850    6.6850   5.3749    5.3749    5.43095
Ge
 -5.8800  1.6100 -5.8800  1.6100 -6.7800   1.6100   4.9000   5.4649  5.4649   6.3900    6.3900   5.2191    5.2191    5.64613
Sn
 -5.6700  1.3300 -5.6700  1.3300 -5.6700   1.3300   4.0800   4.5116  4.5116   5.9000    5.9000   5.8939    5.8939    6.48920
SiC (wurtzite)
 -8.4537  2.1234 -4.8463  4.3466 -12.4197  3.0380   5.9216   9.4900  9.2007   9.6534    9.3166   8.7138    4.4051
AlP
 -7.8466  1.3169 -1.2534  4.2831  -7.4535  2.3749   4.8378   5.2451  5.2775   8.7069    7.4231   5.2508    4.6388    5.4510
AlAs 
 -7.5273  0.9833 -1.1627  3.5867  -6.6642  1.8780   4.2919   5.1106  5.4965   7.4833    6.7267   4.5216    4.9950    5.6605
AlSb
 -6.1714  0.9807 -2.0716  3.0163  -5.6448  1.7199   3.6648   4.9121  4.2137   6.7607    6.1543   4.3662    3.0739    6.1355
GaP 
 -8.1124  1.1250 -2.1976  4.1150  -7.4709  2.1516   5.1369   4.2771  6.3190   8.5150    7.1850   4.6541    5.0950    5.4512
GaAs
 -8.3431  1.0414 -2.6569  3.6686  -6.4513  1.9546   5.0779   4.4800  5.7839   8.5914    6.7386   4.8422    4.8077    5.6533
GaSb  
 -7.3207  0.8554 -3.8993  2.9146  -6.1567  1.5789   4.1285   4.9601  4.6675   6.6354    5.9846   4.9895    4.2180    6.0959
InP 
 -8.5274  0.8735 -1.4826  4.0465  -5.3614  1.8801   4.2324   2.2265  5.5825   8.2635    7.0665   3.4623    4.4814    5.8686
InAs
 -9.5381  0.9099 -2.7219  3.7201  -5.6052  1.8398   4.4693   3.0354  5.4389   7.4099    6.7401   3.3744    3.9097    6.0584
InSb  
 -8.0157  0.6738 -3.4643  2.9162  -5.5193  1.4018   3.8761   3.7880  4.5900   6.4538    5.9362   3.5666    3.4048    6.4794
ZnSe
 -11.8383 1.5072  0.0183  5.9928  -6.2163  3.0054   5.9942   3.4980  6.3191   7.5872    8.9928   2.5891    3.9533    5.668
ZnTe
 -9.8150  1.4834  0.9350  5.2666  -6.5765  2.7951   5.4670   5.9827  5.8199   7.0834    8.2666   1.3196    0.0000    6.101